680 972
668 889
27 183
53 167
2 94
105 539
512 554
212 992
53 611
706 752
444 795
127 899
64 82
68 99
356 789
22 59
126 406
296 485
921 975
129 240
577 604
4 901
21 772
342 660
317 536
283 956
85 114
153 283
12 53
160 179
32 922
49 439
571 801
517 556
7 361
239 373
243 353
185 251
125 543
151 874
200 248
448 806
173 542
66 121
634 1004
73 860
506 744
12 233
160 254
164 931
24 107
150 200
333 591
652 670
214 810
220 598
266 355
301 800
342 507
1003 347
53 71
9 420
58 518
133 171
152 415
391 679
151 973
432 631
293 782
80 89
352 580
5 25
392 937
155 989
44 103
888 996
94 187
277 700
618 999
80 217
21 26
187 399
160 630
19 886
161 483
37 408
97 110
321 511
81 108
337 926
19 68
667 1009
809 935
614 849
221 226
7 189
251 935
59 284
111 471
187 459
516 731
62 109
133 191
142 221
50 108
275 462
171 836
188 658
2 13
371 782
25 100
26 44
131 330
249 314
192 822
14 95
10 139
104 279
395 775
180 287
240 921
524 699
149 267
170 229
3 89
217 902
264 729
6 70
640 932
9 11
31 72
8 933
383 409
328 575
128 312
368 664
711 761
179 500
99 226
267 327
1 47
275 519
93 142
329 561
113 853
199 838
386 551
134 1006
96 479
368 821
265 438
102 105
220 641
7 131
138 417
506 692
316 790
68 176
565 745
472 699
4 5
732 901
67 238
142 616
112 550
273 308
301 714
138 452
554 856
104 675
82 101
13 258
436 909
141 991
19 841
398 476
49 791
52 931
244 335
154 642
422 645
279 964
235 710
299 951
172 295
656 710
95 875
12 358
296 497
199 249
39 319
562 906
176 300
43 51
1008 540
128 654
264 281
59 73
161 670
371 457
1 78
844 954
210 580
5 952
255 359
120 170
334 344
15 264
70 793
347 362
415 727
658 771
139 447
310 883
369 452
14 417
410 646
186 643
3 760
289 914
961 970
2 891
171 429
546 584
254 713
4 570
32 716
25 223
501 504
123 487
8 10
206 863
596 794
317 338
556 624
480 894
34 348
183 565
101 615
33 671
519 947
569 840
36 163
196 284
40 471
146 243
259 552
355 428
112 215
466 475
289 609
261 643
234 249
146 208
88 517
9 10
5 7
11 632
259 531
345 595
101 984
323 764
577 753
165 227
400 621
104 857
81 174
693 941
46 123
191 739
132 498
591 975
488 826
12 340
26 43
16 518
914 930
150 326
66 351
139 158
40 863
503 529
376 384
12 453
429 572
104 129
19 208
7 74
75 471
316 549
874 943
405 846
231 440
199 511
124 148
183 219
136 150
34 50
18 372
53 615
531 759
322 410
114 938
113 124
114 128
32 80
70 652
260 288
132 912
503 690
8 92
69 97
595 875
723 792
504 924
534 882
24 93
582 625
1006 134
105 534
819 869
495 959
41 86
440 441
178 291
128 132
594 758
192 661
168 808
527 996
188 237
93 260
59 461
210 329
104 239
107 266
203 218
292 297
58 126
49 246
58 212
96 318
118 637
303 689
472 807
45 116
98 927
419 859
261 919
73 177
266 863
202 315
45 162
60 697
964 983
42 118
110 123
45 146
249 587
34 43
4 17
118 358
411 590
175 574
199 201
252 738
865 962
267 928
254 361
821 950
493 943
29 230
11 29
59 400
561 690
206 460
140 307
107 381
320 484
177 682
227 578
4 392
65 94
455 492
410 690
381 714
69 143
7 22
490 829
201 849
167 383
459 562
479 877
23 34
287 331
639 821
417 634
54 874
207 245
62 71
348 895
448 689
576 709
103 845
89 149
122 379
586 653
475 761
753 764
19 626
61 318
33 57
114 835
25 136
141 344
555 558
380 445
113 134
14 533
12 339
170 728
482 514
99 165
60 412
117 137
178 478
1 65
97 953
159 654
554 994
318 476
352 648
517 617
7 227
288 674
124 988
54 253
794 903
588 640
258 711
354 458
254 341
73 308
488 922
113 153
5 31
429 998
405 781
763 930
739 994
549 955
503 832
425 573
638 716
13 644
238 311
8 35
154 203
230 268
126 338
206 220
75 488
13 596
269 948
164 1002
87 728
191 538
318 330
63 93
131 288
203 624
234 812
169 279
90 609
117 375
291 509
50 117
273 374
471 898
215 285
155 157
11 18
56 259
265 657
50 52
266 482
20 35
51 72
56 958
111 145
361 567
113 405
352 775
420 481
209 513
823 957
297 667
6 190
40 181
109 140
306 828
409 665
199 798
673 684
65 742
7 21
611 966
384 402
10 62
59 457
110 514
252 335
426 763
312 684
191 231
177 368
765 848
123 807
564 596
63 302
198 350
295 396
515 810
903 920
427 790
384 706
290 387
30 216
488 519
19 783
267 702
354 700
570 814
2 28
751 920
374 451
493 901
321 563
19 65
161 929
333 972
133 226
7 372
39 42
226 778
343 988
344 377
312 483
806 836
175 236
28 220
24 873
398 977
10 680
91 138
43 121
47 535
201 422
33 40
202 714
318 826
125 572
771 937
432 655
89 197
783 813
206 850
161 519
86 762
57 993
18 558
200 828
418 426
55 115
181 479
603 824
857 977
793 808
50 89
257 847
17 529
30 168
620 969
37 237
39 361
105 431
316 582
26 85
31 969
336 809
579 907
149 276
1004 634
122 216
161 169
443 586
50 147
345 413
365 929
279 828
46 321
219 276
395 537
83 116
116 682
8 682
479 921
177 230
111 183
401 486
452 799
156 173
615 997
327 423
742 909
250 529
159 487
6 140
70 403
24 31
25 493
382 418
2 46
145 587
517 754
275 463
21 44
8 90
532 678
163 211
13 299
547 891
288 709
297 571
340 729
113 275
5 15
198 548
350 827
224 429
197 793
352 850
736 756
22 139
159 195
222 250
85 159
148 277
121 190
64 86
26 28
552 700
5 16
509 651
419 686
42 82
19 21
597 792
211 289
406 421
96 779
94 153
205 770
404 602
344 770
106 224
112 740
2 320
173 455
294 602
19 972
366 885
639 950
74 133
79 965
76 589
205 400
58 623
205 623
497 771
302 629
322 352
64 968
226 355
517 936
627 866
206 382
98 925
337 678
140 643
135 568
448 840
128 733
314 757
7 35
369 428
136 274
390 613
146 666
274 359
349 571
128 408
93 743
329 407
237 317
214 273
12 30
95 201
351 373
536 785
221 347
601 776
451 665
178 892
213 305
447 853
308 521
686 797
279 946
11 506
521 539
6 38
595 597
3 28
510 552
123 791
54 160
700 733
166 694
422 581
523 619
158 516
27 695
59 180
33 398
166 294
263 857
408 851
63 222
3 20
430 634
40 146
6 41
238 264
92 302
322 391
24 46
646 686
135 691
760 818
14 225
202 854
209 266
263 491
101 114
7 16
247 865
23 143
134 148
119 375
399 600
57 746
312 603
131 718
46 417
4 19
124 158
118 142
70 297
312 510
258 861
31 55
266 654
66 247
647 957
546 811
301 877
451 928
786 882
158 747
471 799
28 40
707 914
117 756
543 959
860 987
383 896
195 512
288 806
245 525
127 477
719 728
49 116
546 588
397 695
270 380
388 405
580 808
540 893
344 359
753 843
341 635
299 386
197 477
100 136
177 187
204 916
17 105
320 391
60 177
55 234
176 949
3 860
637 726
528 825
152 199
53 566
298 830
111 206
766 852
28 872
252 691
264 994
242 603
601 847
56 91
281 848
260 656
72 819
440 510
77 124
558 859
378 410
1002 164
170 223
492 731
244 620
107 301
155 715
526 866
164 629
177 862
124 367
20 51
368 586
93 177
826 886
758 894
75 871
32 199
168 178
195 304
90 955
81 332
4 967
293 353
264 927
82 451
42 540
643 963
424 943
280 385
88 488
17 103
116 145
284 500
109 265
231 739
9 104
189 896
370 977
634 812
208 317
143 229
60 273
269 534
822 976
807 849
22 421
208 248
317 788
25 141
328 738
7 20
372 532
375 767
32 38
107 795
251 510
300 319
283 437
505 569
79 137
402 701
179 247
594 704
659 696
5 37
26 147
5 448
718 778
144 299
351 645
57 466
800 986
125 496
159 833
18 356
225 288
115 269
72 79
386 619
863 947
95 307
281 461
45 94
415 482
131 665
8 534
47 564
1 414
22 209
67 85
111 303
201 704
404 498
163 212
514 740
398 698
161 781
45 84
143 721
360 662
159 182
53 77
372 769
392 394
175 407
513 590
258 468
326 647
548 581
64 290
32 432
725 884
244 339
33 234
4 285
50 938
242 915
27 433
434 708
52 157
142 794
296 722
72 104
150 286
159 221
102 155
733 780
95 388
120 328
612 765
70 603
235 573
3 133
46 222
191 629
40 734
385 515
765 923
77 615
122 912
57 261
2 11
540 1008
400 980
12 29
30 517
60 384
4 25
532 774
902 905
196 332
297 406
331 546
578 834
308 982
20 257
501 594
151 254
40 186
159 331
187 387
62 329
42 388
135 253
364 998
245 544
155 319
495 707
308 545
241 254
875 888
244 303
358 717
25 54
16 262
264 672
441 798
384 399
504 837
230 948
170 897
432 550
682 964
210 366
650 656
576 974
4 192
470 667
195 230
24 594
83 129
159 581
71 888
92 213
87 298
10 72
607 871
842 861
501 840
96 121
16 98
42 895
293 900
359 807
173 697
345 430
20 132
119 251
41 155
167 458
693 927
544 612
174 441
466 524
122 878
217 241
184 602
71 425
609 659
342 963
280 904
808 908
182 517
184 313
32 75
422 559
5 208
6 518
428 815
396 893
60 127
78 146
384 975
64 73
247 878
179 239
435 556
569 772
186 499
34 422
118 725
70 152
139 170
272 333
16 597
275 528
400 507
696 858
161 442
259 560
317 639
18 23
110 831
96 547
71 96
73 443
36 97
158 358
1 198
18 32
132 567
115 196
4 9
377 494
203 347
113 250
464 566
10 333
214 280
365 966
408 455
75 123
439 631
116 415
256 462
138 797
148 495
239 357
7 15
88 270
7 198
15 32
8 148
342 585
214 271
157 185
67 505
3 150
97 298
20 524
114 465
88 676
99 919
123 864
755 799
403 894
9 324
242 815
528 664
180 290
243 342
268 364
503 905
39 45
439 536
247 336
129 236
140 337
107 624
264 313
164 503
438 494
40 435
349 409
384 751
820 835
14 59
69 142
549 614
424 462
88 393
561 748
431 723
202 523
74 120
232 780
208 604
61 66
399 528
290 349
332 573
54 343
644 958
167 184
67 207
4 76
14 475
89 726
50 939
440 486
155 434
197 430
617 930
124 812
18 36
479 681
118 436
249 277
280 326
584 905
86 252
55 983
73 113
527 897
90 125
18 31
438 639
2 151
425 750
5 8
185 350
4 803
41 325
439 628
204 343
441 957
1001 714
776 862
20 110
238 768
399 969
236 401
296 397
780 935
830 844
66 111
511 560
307 833
545 652
328 392
274 650
463 886
294 446
8 101
35 36
184 314
637 827
57 130
263 314
270 813
271 839
40 80
40 491
1 4
252 732
209 286
380 472
102 209
198 737
263 561
170 971
190 229
177 205
782 824
492 906
190 910
436 752
90 180
92 340
130 625
360 401
32 51
45 679
308 696
169 525
14 354
198 222
144 703
47 855
13 382
258 377
775 787
139 164
3 14
112 729
429 527
5 131
27 191
93 216
34 45
506 746
384 579
368 942
1005 641
182 623
57 545
117 255
614 723
110 557
283 465
714 1001
269 540
69 508
102 274
64 224
58 336
43 495
151 237
347 1003
463 883
61 651
14 63
156 376
127 864
437 544
884 929
444 872
271 374
369 970
30 205
66 217
15 29
126 201
572 695
218 777
32 98
92 269
109 365
931 936
708 939
238 371
54 76
19 39
141 238
19 289
355 803
366 704
206 452
410 427
138 475
256 973
120 183
344 449
377 600
396 397
488 939
146 156
48 63
114 776
89 181
559 702
166 363
534 730
402 673
17 638
131 360
37 115
44 305
100 345
499 960
6 122
273 309
392 1000
184 221
260 274
40 352
34 404
154 796
90 184
152 287
697 895
190 706
1007 203
353 355
581 583
450 470
526 823
30 33
92 136
32 74
84 538
368 973
15 773
107 921
71 270
181 477
146 403
407 685
236 619
187 879
67 188
469 712
16 378
52 55
2 20
11 701
715 899
261 670
3 79
535 775
241 346
66 154
752 847
10 290
286 622
229 281
60 421
38 81
292 627
116 450
100 219
714 805
244 419
142 268
368 816
220 599
4 37
130 523
7 114
202 356
666 978
287 944
375 555
59 166
4 7
280 389
709 958
15 786
48 959
548 727
652 866
314 570
15 165
542 761
644 754
107 127
35 337
205 516
180 252
155 492
254 606
18 95
95 444
641 1005
70 92
22 42
5 23
81 83
185 400
301 759
448 712
132 138
259 741
124 308
205 537
395 989
3 5
336 437
544 940
442 819
103 350
342 843
730 764
9 316
23 313
221 366
226 386
135 521
64 69
705 955
641 869
31 858
188 457
14 91
145 262
12 22
244 763
158 246
146 211
105 763
78 661
18 380
129 474
17 209
202 210
673 792
25 48
173 636
502 559
712 788
210 826
406 572
136 368
111 192
616 833
50 66
557 649
552 689
230 540
321 677
80 145
379 890
72 185
143 323
23 60
697 919
550 735
252 649
53 67
113 144
154 232
234 403
180 259
200 412
71 507
16 124
100 174
390 609
272 423
333 496
9 112
901 946
509 563
132 227
242 832
1 2
64 431
41 235
156 432
243 663
52 903
56 748
3 9
64 310
518 622
407 444
303 482
267 360
696 724
363 370
308 601
660 706
847 980
565 666
94 255
67 106
594 913
549 974
243 696
428 499
592 882
203 1007
397 526
559 713
100 819
149 164
261 506
422 440
400 732
152 390
33 292
536 831
43 889
59 618
43 395
341 371
554 960
71 820
310 880
6 8
639 876
243 544
213 240
91 97
120 995
175 246
491 990
132 639
79 244
56 824
327 591
76 193
159 804
697 769
275 597
294 509
13 56
602 934
320 522
54 135
27 70
69 326
207 737
21 469
61 830
6 14
210 236
165 667
96 299
191 247
48 126
836 871
195 297
3 71
438 607
41 684
4 16
16 571
49 933
645 669
769 797
130 565
2 12
302 596
233 858
2 9
1 27
290 688
53 64
90 686
411 933
61 747
567 731
72 138
110 249
33 79
2 87
29 300
121 668
96 443
368 369
171 439
342 490
237 778
16 251
394 456
124 820
865 949
30 456
357 923
103 551
317 827
327 364
30 490
637 740
539 802
51 75
350 374
178 270
1009 667
611 687
178 579
913 962
238 726
370 446
477 478
177 322
348 953
1010 562
2 4
110 631
508 567
53 61
47 622
148 363
69 250
506 576
110 610
415 985
288 438
547 605
508 736
141 192
598 817
15 140
191 212
142 337
400 404
103 205
407 508
16 589
91 530
399 545
172 321
59 150
359 444
63 683
41 856
135 916
157 255
450 499
164 278
272 413
88 784
111 202
407 418
209 500
353 533
12 49
338 430
510 893
470 676
49 149
75 708
643 876
153 811
118 362
319 607
89 106
207 451
386 878
52 718
563 768
77 353
56 214
137 810
36 92
70 173
42 175
66 115
11 102
524 563
107 218
681 881
234 516
10 144
96 228
157 219
426 703
55 58
425 608
243 625
79 106
672 979
403 521
316 348
48 102
524 940
211 379
155 207
167 817
254 577
98 493
66 172
249 420
401 658
15 30
599 960
39 204
570 638
135 436
560 823
315 365
122 152
5 6
32 454
364 465
460 741
129 207
271 381
145 414
327 395
355 718
117 318
62 464
339 586
422 599
14 705
44 166
256 262
39 58
91 181
269 611
291 315
100 419
122 149
159 483
135 925
513 536
169 618
410 599
12 15
189 978
31 232
639 787
106 408
7 803
59 489
335 420
460 661
470 568
378 450
281 678
389 688
197 335
638 842
406 786
28 399
39 920
12 119
903 946
103 156
78 414
168 304
413 553
321 422
520 604
78 606
568 951
62 88
342 492
765 984
345 867
173 189
11 24
149 961
115 407
261 716
114 306
386 467
764 839
361 505
301 377
174 564
107 708
40 68
437 903
483 527
280 541
306 486
313 329
30 44
51 293
104 199
120 187
12 63
45 285
793 904
547 641
343 460
482 649
153 502
666 995
45 64
231 464
93 309
68 143
375 554
454 460
125 310
671 720
145 164
87 282
320 470
488 556
23 67
374 646
84 200
59 67
555 683
44 523
285 333
639 712
229 317
619 850
70 139
299 727
140 189
246 389
353 433
607 853
752 794
737 749
96 431
19 58
70 76
451 917
109 161
14 915
460 940
10 993
16 87
595 815
297 343
181 341
196 922
1 3
15 194
454 917
92 158
168 880
870 962
9 22
533 857
156 165
122 478
350 559
148 610
805 821
11 456
133 651
106 182
148 404
266 351
530 628
288 466
259 458
78 300
366 673
59 550
119 126
157 369
2 14
11 90
899 900
127 642
165 224
56 298
53 117
201 272
341 554
255 606
12 693
434 438
327 611
16 21
377 855
240 900
17 86
332 349
45 870
31 82
158 296
10 277
256 463
260 627
378 498
246 607
689 908
295 330
74 160
120 588
172 223
228 701
254 512
490 950
106 555
395 766
144 152
53 705
186 213
241 902
96 851
562 1010
102 915
219 242
138 424
248 501
87 502
215 754
22 783
329 389
138 293
51 214
510 592
110 235
15 473
127 887
244 323
6 18
123 476
149 369
227 258
448 480
721 811
109 645
434 806
146 260
858 986
19 248
189 470
322 804
409 551
135 564
513 795
120 744
241 703
43 294
156 981
521 835
27 734
54 73
14 238
486 520
250 416
73 591
667 998
561 633
328 535
249 375
731 913
219 253
103 373
166 370
690 800
171 613
25 137
42 265
407 756
383 541
307 334
553 890
184 263
611 982
2 5
194 539
660 804
242 638
206 345
234 411
107 782
130 243
362 570
774 902
13 55
483 538
85 868
16 90
309 552
498 512
14 325
360 459
582 719
133 173
443 466
198 963
41 204
161 580
62 555
510 786
255 590
76 384
120 945
59 774
268 336
63 874
307 992
274 364
734 911
10 43
233 520
178 307
107 176
175 292
357 511
438 593
529 911
517 931
146 154
498 688
36 256
338 743
74 396
880 964
630 755
113 231
256 914
156 600
350 662
144 263
31 267
239 830
917 938
160 658
372 395
267 918
285 642
656 996
89 104
354 568
